1  0.995999  0.999974  0.998168  0.999347  0.999586  0.998811  0.999538  0.998077  0.996552  0.999985  0.998087  0.996903  0.999777  0.997596  0.994987  0.996983  0.999869  0.999392  0.998333  0.995996  0.999386  0.991408  0.996979  0.991308  0.992212  0.999484  0.999703  0.999376  0.997272  0.995949  0.996997  0.993738  0.995866  0.996552  0.998418  0.998286  0.996552  0.999775   0.99939  0.999348  0.975752  0.999092  0.999783  0.996515  0.996749  0.997665  0.999592  0.999887  0.999492  0.786591  0.787461  0.748069  0.705204  0.732257  0.711302  0.766518  0.807265  0.755567  0.756795  0.723206  0.783277  0.731862  0.715643  0.844386  0.799428  0.721879  0.770997  0.652753  0.761177  0.708671  0.796664  0.646929  0.711875  0.782775  0.785769   0.72603  0.707921  0.733738   0.82894  0.757203  0.774409  0.790591  0.615676  0.706453    0.7917  0.763306  0.695367  0.789641  0.733769  0.691646  0.741289  0.765347  0.796806  0.737074  0.782283  0.767872  0.776006  0.862007  0.769505  0.514879  0.574649  0.598155   0.58097  0.553728  0.553077  0.564301  0.573267   0.54268  0.625618  0.693808  0.599609  0.627548  0.541701  0.541852  0.638929  0.623991  0.623371  0.475072  0.573156  0.620249  0.593633  0.536357  0.653928   0.63012  0.632353  0.674754  0.680564  0.555188  0.645035  0.586435  0.679177   0.54677  0.656992  0.555148  0.602444  0.602976  0.627977  0.688687  0.659819  0.597825  0.685581  0.574649  0.584668  0.603048  0.646865  0.605998  0.653473  0.633917  0.633158         
0.995999         1  0.996607  0.997397  0.992233  0.993592  0.990721  0.997118  0.998546  0.999033  0.996201  0.994066    0.9996  0.993931   0.99087  0.982344  0.988356  0.995964  0.998354  0.989293   0.99932  0.992315  0.976483    0.9999  0.989684  0.998918  0.998111  0.997538  0.998424  0.996336  0.998375  0.999212  0.980513  0.983788  0.999033  0.997762  0.997829  0.999033  0.997033  0.998093  0.993544  0.991175  0.991822  0.996534  0.990352  0.999902  0.989293  0.995775  0.995016  0.998339  0.831439  0.830694  0.796182  0.758287  0.783107  0.757879  0.809721  0.848726   0.80303  0.801691  0.774968  0.827092  0.783811  0.763517  0.882799  0.843637  0.766424  0.814512  0.712083  0.807842  0.755291  0.841499  0.703375  0.759389  0.828271  0.831463  0.777169  0.759675  0.781502  0.870243  0.804976   0.82047  0.834957  0.670339  0.750148  0.830532  0.810083  0.750803  0.829537  0.783081  0.739817  0.786891  0.812231  0.840909  0.783797  0.822177  0.810889  0.821059  0.900351  0.813946  0.572977  0.632574  0.657153  0.636485  0.612969  0.613568  0.619667  0.631503  0.604386  0.681056  0.745625  0.658702   0.68536  0.603822  0.604869  0.694934  0.678181  0.675342  0.541507  0.633845  0.677984  0.650308   0.59825  0.710651  0.683854  0.686144  0.729409  0.732012  0.615703  0.699123  0.646502   0.72902  0.608438  0.709543  0.610276  0.663962  0.657453  0.680394  0.739497  0.715935   0.65775  0.742643  0.632574  0.642756  0.661387  0.705879  0.667114  0.708983  0.686257  0.684835         
0.999974  0.996607         1  0.998333  0.999061  0.999377  0.998438  0.999605  0.998356  0.996986  0.999969  0.997977  0.997375   0.99961  0.997435  0.994306  0.996666  0.999872  0.999587   0.99789  0.996503  0.999125  0.990573  0.997492  0.991296  0.992987  0.999649  0.999805  0.999604  0.997401   0.99636   0.99751  0.992922  0.995206  0.996986  0.998713  0.998598  0.996986  0.999828  0.999555  0.999219  0.977307  0.998777  0.999842   0.99621  0.997304  0.997228  0.999543  0.999777   0.99969  0.789976  0.790681   0.75166  0.709181  0.736084   0.71463  0.769666  0.810375  0.759115  0.760083    0.7271  0.786542  0.735807  0.719111  0.847335  0.802796  0.725034  0.774191  0.657248  0.764661  0.711996  0.800088  0.651093  0.715298  0.786214  0.789241  0.729867  0.711764  0.737247  0.832126  0.760789  0.777877  0.793941  0.619582   0.70949  0.794495  0.766808  0.699568  0.792533  0.737438  0.695082  0.744602  0.768869  0.800152  0.740487  0.785152  0.771005  0.779373  0.865043  0.772787  0.518935  0.578798  0.602465   0.58489  0.557968  0.557444  0.568175  0.577445  0.547151  0.629625  0.697617  0.603932  0.631805  0.546213  0.546458  0.643026  0.627868  0.627027  0.479906  0.577585   0.62448  0.597694  0.540834   0.65814  0.633965  0.636209  0.678805    0.6843  0.559561   0.64895  0.590829  0.682748  0.551245   0.66078  0.558983  0.607034  0.606837  0.631686  0.692379  0.663983  0.602231  0.689931  0.578798  0.588854    0.6073  0.651305  0.610553  0.657556  0.637631  0.636806         
0.998168  0.997397  0.998333         1  0.996719  0.997833  0.996139  0.999546  0.999833  0.999307  0.998481  0.999251  0.998951  0.996988  0.991645  0.988471  0.990483   0.99729  0.999283  0.995054  0.998874  0.995989  0.982959  0.998295    0.9967  0.996416  0.999343  0.999249  0.998326  0.999856  0.999345  0.996008  0.990232   0.99043  0.999307  0.995895   0.99579  0.999307  0.999221  0.999499  0.995336  0.980123     0.997   0.99733  0.997688  0.997306  0.996381  0.999219   0.99826  0.998876  0.819316  0.820882  0.783674  0.742679  0.768101  0.751013   0.80224  0.839043  0.790662    0.7929  0.759518  0.816931  0.767015  0.754566  0.872399  0.830788  0.761264  0.806146  0.691403  0.796038  0.748586  0.828021  0.688067   0.75125  0.815628  0.818106  0.762408  0.745874  0.771011  0.857672   0.79194  0.808009  0.823063   0.65998  0.747222  0.826155  0.797862  0.732322  0.824022  0.770316  0.732477   0.77866  0.799603  0.828595  0.774439   0.81741   0.80352  0.809936   0.88679   0.80445  0.563992  0.620453  0.641875  0.627216  0.600318  0.599185  0.611561  0.619037  0.588887  0.668926  0.733089  0.643172  0.669585  0.587769  0.587442   0.68096  0.667888     0.668  0.522924  0.617827  0.662916  0.638684  0.582872  0.694286  0.673747  0.675802  0.714361  0.721167   0.60115  0.687431  0.630472  0.720469  0.592734  0.699065  0.602974  0.644331   0.64818  0.672176  0.728855  0.699991   0.64108  0.722377  0.620453  0.629754  0.646729   0.68638  0.647851  0.694538  0.677737  0.677225         
0.999347  0.992233  0.999061  0.996719         1  0.999883  0.999914  0.998503  0.996031  0.993761  0.999294  0.998031  0.993872  0.999803  0.997424  0.997483  0.997597  0.999026  0.997688  0.999763  0.992836  0.999869  0.994606  0.993701  0.990965  0.987733  0.997929  0.998459  0.997448  0.996048   0.99331  0.993602  0.997096  0.998306  0.993761  0.996066  0.995847  0.993761  0.998782  0.997848  0.999117  0.967256  0.999922  0.998658  0.997468  0.993216  0.999172  0.999138  0.999682  0.997742  0.770232  0.771992  0.730824  0.686087  0.713809  0.695655  0.751556  0.792264  0.738511  0.741135  0.704441   0.76759  0.712766  0.699225  0.830001  0.783075  0.707097  0.755768  0.631051  0.744437  0.693048  0.780022  0.627075  0.695722  0.766144  0.768939  0.707565  0.689513  0.717012  0.813373  0.739928  0.757678    0.7744   0.59734  0.692373  0.778486  0.746449  0.675066  0.775918  0.716175  0.675512  0.725578  0.748378  0.780591  0.720846  0.768721   0.75298  0.759808  0.846987  0.753805  0.496088  0.555166  0.577713  0.562687  0.533826  0.532497  0.546322  0.553635  0.521573  0.606704  0.675658  0.579088   0.60727  0.520374  0.520011  0.619472  0.605779  0.606344  0.452215   0.55216  0.600146  0.574548  0.515235  0.633777  0.612056  0.614224   0.65538  0.662875  0.534564  0.626534  0.565578  0.662376  0.525625  0.639123  0.537411  0.580455   0.58493  0.610647  0.671193  0.639903  0.576858   0.66451  0.555166  0.564947  0.582896  0.625491  0.584183  0.634029  0.616536  0.616138         
0.999586  0.993592  0.999377  0.997833  0.999883         1  0.999723  0.999179  0.997216  0.995261  0.999606  0.998804   0.99526  0.999745  0.996737   0.99629  0.996681  0.999137  0.998436  0.999398  0.994414  0.999617  0.992907  0.994973  0.992653  0.989776   0.99865   0.99907  0.998034  0.997284   0.99492  0.994412  0.996401  0.997345  0.995261  0.996408  0.996206  0.995261  0.999335  0.998619  0.998842  0.969909  0.999891  0.998837  0.998095  0.994367   0.99921   0.99965  0.999898  0.998392  0.779812  0.781588   0.74111  0.697011  0.724312  0.706542  0.761545  0.801461  0.748668    0.7513  0.715083  0.777264  0.723219  0.710063  0.838347  0.792378  0.717797  0.765679  0.642567  0.754503  0.703973  0.789365  0.638836  0.706614  0.775789  0.778507  0.718178  0.700435  0.727562  0.822032  0.750044  0.767488  0.783906  0.609521  0.703249  0.787971   0.75647   0.68605  0.785461  0.726701  0.686692  0.736005  0.758353  0.789962  0.731345  0.778391  0.762944   0.76961  0.854764  0.763741   0.50928  0.567804   0.59007  0.575246  0.546677  0.545346  0.559038  0.566286  0.534514  0.618768  0.686811  0.591424  0.619269  0.533317   0.53293  0.631357  0.617862  0.618406  0.465715  0.564781  0.612247  0.586981  0.528238  0.645423  0.624065  0.626207  0.666768  0.674228   0.54739  0.638359  0.578055  0.673742  0.538522  0.650795  0.550205  0.592658  0.597249  0.622666  0.682432   0.65148  0.589194  0.675567  0.567804  0.577475  0.595205  0.637136  0.596356  0.645719  0.628487  0.628088         
0.998811  0.990721  0.998438  0.996139  0.999914  0.999723         1  0.997952  0.995214  0.992727  0.998767  0.997945  0.992693  0.999462  0.996775  0.997833  0.997214  0.998361  0.996868  0.999933  0.991667   0.99966  0.995088  0.992372  0.991076  0.986148  0.997165  0.997793  0.996472  0.995611  0.992382   0.99206     0.998  0.998712  0.992727  0.994819  0.994567  0.992727  0.998206  0.997108  0.998587  0.964123  0.999945  0.997893  0.997775  0.991732  0.999517  0.998785  0.999335  0.996868  0.766129  0.768287  0.726592  0.681269  0.709129  0.692349  0.748218  0.788618  0.734314  0.737555  0.699674  0.763817  0.707783  0.695561  0.826315  0.778874  0.704103  0.752284   0.62532  0.740346  0.689768  0.775709  0.622245  0.692195  0.761947  0.764625  0.702918  0.685005  0.713105  0.809282   0.73562  0.753497  0.770344  0.593337  0.689754  0.775732   0.74229  0.669752  0.772962  0.711879  0.672101  0.722073  0.744152  0.776475   0.71714  0.765883  0.749664  0.755858  0.842817  0.750123  0.492272  0.550831   0.57285  0.558851  0.529389  0.527761  0.542681   0.54924   0.51664  0.602402  0.671351  0.574182  0.602344  0.515346  0.514749  0.614864  0.601793  0.602872  0.446731  0.547154  0.595335   0.57031  0.510321  0.628774  0.608107  0.610236  0.650622  0.658844    0.5298  0.622323  0.560579  0.658741  0.520659  0.635133  0.533906  0.574856  0.581107  0.607025  0.667206  0.634978  0.571757  0.658885  0.550831  0.560466  0.578142  0.619952  0.578648  0.629353  0.612866  0.612627         
0.999538  0.997118  0.999605  0.999546  0.998503  0.999179  0.997952         1  0.999406  0.998374  0.999688  0.999149  0.998363  0.998842  0.995057  0.992204  0.994179  0.999026  0.999784  0.997172  0.997874   0.99815  0.987657  0.998065    0.9945  0.994738  0.999862  0.999929  0.999289  0.999033  0.998097  0.996916  0.992491  0.993629  0.998374  0.997578  0.997458  0.998374  0.999954  0.999895   0.99779  0.978289  0.998522     0.999  0.997597  0.997447  0.997514  0.999871  0.999536  0.999627  0.803252  0.804489  0.766154  0.724184  0.750436  0.731472  0.784708  0.823479  0.773401  0.775162  0.741612  0.800418  0.749681  0.735404  0.858723  0.815405  0.741903  0.788895  0.672261    0.7789  0.728943  0.812633  0.667723  0.731867  0.799494  0.802226  0.744476  0.727155  0.752668  0.843614  0.774853  0.791501  0.807129   0.63808  0.727181   0.80929  0.780874   0.71406  0.807184  0.752318  0.712365  0.760289  0.782762  0.813001  0.756061  0.800202  0.786026  0.793274  0.874708  0.787291  0.539661  0.597774  0.620222  0.604341  0.577234  0.576328  0.588182  0.596372  0.565968  0.647514  0.713711  0.621595   0.64878  0.564914  0.564815  0.660177  0.646195  0.645965  0.499131  0.595682  0.641799  0.616392  0.559797  0.674325  0.652193  0.654336  0.694794  0.701138  0.578365  0.666486   0.60865  0.700113  0.569936  0.678295  0.579315  0.623561  0.625834   0.65035  0.709047  0.680129  0.619648  0.704177  0.597774  0.607431  0.625102  0.666813  0.627102  0.674239    0.6561  0.655472         
0.998077  0.998546  0.998356  0.999833  0.996031  0.997216  0.995214  0.999406         1   0.99974  0.998364  0.998422  0.999612  0.996662  0.991865  0.987326  0.990355  0.997405  0.999523  0.994036  0.999491  0.995499  0.981705  0.999191  0.995445  0.997566  0.999506  0.999287  0.998817  0.999464  0.999607  0.997287  0.988205  0.989166   0.99974   0.99682  0.996759   0.99974  0.999137   0.99962  0.995318  0.983437  0.996142  0.997581  0.996312  0.998446  0.995045  0.998818  0.997898  0.999211  0.823091  0.824077  0.787556  0.747346  0.772612  0.753486  0.804856  0.842199  0.794507  0.795848  0.764142  0.820216  0.771974  0.757563  0.875717   0.83474  0.763306  0.808983  0.697344   0.79974  0.751019  0.832131  0.692667  0.754043  0.819534   0.82219  0.766859  0.750088  0.774391  0.861541  0.795952  0.811872  0.826779  0.663339  0.748703  0.827983  0.801668  0.737709  0.826137  0.774266  0.735072  0.781471  0.803511  0.832414  0.777534  0.819339  0.806107  0.813464  0.890887  0.807572  0.567002  0.624255  0.646469  0.630301  0.604252  0.603554  0.614353  0.622926  0.593535  0.672729  0.736989  0.647829  0.674303  0.592556  0.592573  0.685226   0.67123  0.670601  0.528339  0.622606  0.667457  0.642361  0.587489  0.699149  0.677043  0.679157  0.718893  0.724644  0.605561  0.691124  0.635255   0.72337  0.597433  0.702452  0.605563  0.650014  0.651267  0.674997   0.73228  0.704748  0.646023  0.728211  0.624255  0.633777  0.651167  0.692027  0.653442  0.698921  0.680633  0.679892         
0.996552  0.999033  0.996986  0.999307  0.993761  0.995261  0.992727  0.998374   0.99974         1  0.996913  0.997131  0.999864  0.994657  0.989419   0.98354  0.987448  0.995842  0.998784  0.991294  0.999946  0.993179  0.977267  0.999434  0.995017  0.998869  0.998691  0.998274  0.998023  0.998961  0.999906  0.997193  0.984529  0.985588         1  0.995975   0.99596         1   0.99799  0.998842  0.993227  0.986671   0.99388  0.996172  0.994553   0.99868  0.992607  0.997449  0.996199  0.998406  0.835111  0.835798  0.800539  0.761587  0.786222  0.766475  0.816763  0.853391  0.807303   0.80816  0.777993  0.832084  0.785769  0.770771  0.885925  0.846505  0.775818  0.820911  0.713074   0.81234  0.764034  0.844035  0.707964   0.76721  0.831709  0.834365  0.780577  0.764075  0.787436  0.872447  0.808787  0.824233  0.838671  0.678511  0.761146  0.838819  0.814267   0.75243  0.837201  0.787593  0.748508  0.794046  0.816108  0.844191  0.790356  0.830466  0.817966  0.825629  0.900816  0.819686  0.583358  0.640281  0.662554  0.645831  0.620639  0.620177  0.629938  0.639018  0.610438  0.687987  0.751101  0.663922   0.68998  0.609539  0.609715  0.700501  0.686263  0.685204  0.546442  0.639149   0.68317  0.658044  0.604461  0.714442  0.691951  0.694062  0.733662  0.738787  0.622178  0.706004  0.651605  0.737216  0.614306  0.716964  0.621146  0.666504  0.666476  0.689662  0.746244   0.71989  0.662274   0.74328  0.640281  0.649777  0.667102  0.707759   0.66984  0.714004  0.695249  0.694382         
0.999985  0.996201  0.999969  0.998481  0.999294  0.999606  0.998767  0.999688  0.998364  0.996913         1  0.998377  0.997189   0.99969  0.997199  0.994614  0.996557  0.999776  0.999511   0.99824  0.996358  0.999254   0.99087  0.997188  0.991993  0.992662  0.999604  0.999803  0.999398  0.997663  0.996376  0.996981   0.99368  0.995595  0.996913  0.998286  0.998154  0.996913  0.999873  0.999534  0.999136  0.976096  0.999096  0.999695  0.996835  0.996878  0.997766  0.999723  0.999905  0.999561  0.789389  0.790353  0.751111  0.708362  0.735283  0.714778  0.769641  0.810016  0.758567  0.759933  0.726266  0.786184  0.734802  0.719021  0.846801  0.802098  0.725351  0.774059  0.655938  0.764165  0.712166  0.799324  0.650407  0.715304  0.785577  0.788516  0.729106  0.711146  0.736952  0.831386  0.760162  0.777278  0.793371  0.619496  0.710076  0.794758  0.766261  0.698438  0.792677  0.736888  0.695211  0.744544  0.768271   0.79952  0.740313  0.785393   0.77099  0.778923  0.864096  0.772532  0.519129  0.578572  0.601854  0.584971   0.55771  0.556993  0.568406  0.577182  0.546588  0.629327  0.697165   0.60329  0.631096  0.545589  0.545678  0.642502  0.627777  0.627262  0.479073  0.576925  0.623861  0.597499  0.540292  0.657323  0.633885    0.6361  0.678103   0.68406  0.559089  0.648672   0.59015  0.682765  0.550654   0.66062  0.559313  0.605922  0.606889  0.631819  0.692148  0.663204  0.601463  0.688613  0.578572  0.588517  0.606752  0.650141  0.609479  0.656957  0.637722  0.636998         
0.998087  0.994066  0.997977  0.999251  0.998031  0.998804  0.997945  0.999149  0.998422  0.997131  0.998377         1   0.99647  0.997601  0.991853  0.991588  0.991525  0.996956  0.998141  0.997186  0.996297  0.997068  0.986735  0.995498  0.997373  0.992458  0.998365  0.998595  0.996883  0.999398  0.997373  0.992948  0.994473  0.993548  0.997131  0.993899  0.993699  0.997131  0.998838   0.99855  0.995593  0.971732  0.998539  0.996692  0.999549  0.994183  0.998712   0.99944  0.998685  0.997655  0.803756  0.806345  0.767275  0.724291  0.750378  0.736588   0.78838  0.824941  0.774447  0.778285  0.741466  0.802164  0.748536  0.739248  0.858785  0.815165  0.747783  0.791961  0.670193  0.780163  0.734198  0.812078  0.669036  0.736248  0.799774  0.802003  0.744692  0.728299  0.755271  0.842786  0.775465   0.79208  0.807676  0.642785  0.734583  0.814168  0.781842  0.712592  0.811468  0.753578  0.717565  0.764051  0.783442  0.813147  0.759257  0.805073  0.789733  0.794616  0.872302  0.789733  0.546499  0.602048  0.622309  0.610167  0.581481  0.579572  0.594892  0.600465  0.568691  0.651042  0.715866  0.623511  0.650125  0.567321  0.566401  0.662413  0.650812  0.652273  0.500842  0.597686  0.643679  0.620688  0.562673  0.674887  0.656823  0.658798  0.695792  0.704518  0.581482  0.669964  0.610459  0.704839  0.572484  0.682285  0.586599  0.622955  0.631347  0.656093  0.712403  0.680845  0.620908   0.70178  0.602048  0.611052  0.627484  0.665578  0.626668   0.67596   0.66158   0.66148         
0.996903    0.9996  0.997375  0.998951  0.993872   0.99526  0.992693  0.998363  0.999612  0.999864  0.997189   0.99647         1  0.995029   0.99071  0.984055  0.988614   0.99646  0.999038  0.991309  0.999905  0.993555  0.978059  0.999853  0.993323  0.998932  0.998901   0.99846  0.998607  0.998326  0.999545  0.998273  0.983937  0.985833  0.999864  0.997103  0.997111  0.999864  0.998116   0.99898  0.994016  0.988093  0.993786  0.996854   0.99354  0.999392   0.99206  0.997339  0.996339  0.998812  0.831721  0.831911  0.796698  0.757911   0.78274  0.760989  0.812089  0.849776  0.803531   0.80363  0.774499  0.828212  0.782699  0.765763  0.883094  0.843475  0.770114  0.816483      0.71  0.808519  0.758485  0.841107  0.703581   0.76199   0.82838  0.831243  0.776961  0.760022  0.782972  0.869838  0.805186  0.820742  0.835289  0.672762  0.754833  0.833869  0.810567  0.749308  0.832449  0.783625  0.742898  0.789199  0.812528  0.840999  0.785693  0.825459  0.813288  0.821863  0.899066  0.815477  0.576512  0.634542    0.6577  0.639554  0.614843  0.614746  0.623289  0.633341  0.605168  0.682703  0.746607  0.659137   0.68551  0.604383  0.604866  0.695743  0.680576   0.67891  0.541364  0.634242  0.678474  0.652363  0.599115   0.71037  0.686283  0.688464  0.729513  0.733782  0.616801  0.700814  0.646814  0.731718  0.609114  0.711636  0.614264   0.66268  0.660388  0.683587  0.741285  0.715784  0.657728  0.740473  0.634542  0.644311  0.662156  0.704341  0.665962  0.709496   0.68929  0.688233         
0.999777  0.993931   0.99961  0.996988  0.999803  0.999745  0.999462  0.998842  0.996662  0.994657   0.99969  0.997601  0.995029         1  0.998277  0.996875  0.998086  0.999694  0.998438  0.999223  0.993927  0.999903   0.99392  0.995127  0.989981  0.989369  0.998597  0.998999  0.998489  0.996057  0.994008  0.995491   0.99547  0.997546  0.994657  0.997607  0.997434  0.994657  0.999192  0.998465  0.999673  0.971215   0.99953   0.99947  0.996447  0.994921  0.998247  0.999202  0.999815  0.998605  0.773988  0.775109  0.734616  0.690664  0.718267  0.697821  0.753989  0.795383  0.742278  0.743913  0.709007  0.770796  0.717721  0.701975  0.833394  0.787058   0.70881  0.758454  0.636952  0.748058  0.695166  0.784175  0.631472  0.698241  0.770038  0.773037  0.711944  0.693593  0.720219  0.817338  0.743883  0.761506  0.778101  0.600317  0.693444  0.780107  0.750189  0.680427   0.77785  0.720013  0.677776  0.728174  0.752235   0.78442  0.723746  0.770433  0.755384  0.763267  0.851298  0.756801  0.498536  0.558568  0.582025   0.56531  0.537344  0.536494  0.548599   0.55713  0.525864  0.610187  0.679364  0.583473  0.611766  0.524817  0.524836  0.623487  0.608751  0.608499  0.457264   0.55664  0.604435  0.577841  0.519483  0.638479  0.614986  0.617222  0.659751   0.66609  0.538611  0.629926  0.570081  0.664954  0.529978  0.642198  0.539453  0.585983  0.587587  0.613051  0.674366  0.644499  0.581556   0.67035  0.558568  0.568608  0.587044  0.631054  0.589614  0.638198  0.619033  0.618382         
0.997596   0.99087  0.997435  0.991645  0.997424  0.996737  0.996775  0.995057  0.991865  0.989419  0.997199  0.991853   0.99071  0.998277         1  0.997094  0.999763  0.998438  0.995301   0.99691  0.988855  0.998455  0.995609  0.991762  0.980105  0.983978  0.995375  0.995857  0.996504   0.98976  0.987988  0.994609  0.991897  0.996686  0.989419  0.997487  0.997355  0.989419  0.995956  0.994973  0.999424  0.968888  0.996456  0.998306  0.989904  0.992546  0.993809  0.995355   0.99707  0.996029   0.74932  0.749015  0.707836  0.663617  0.692257  0.665694  0.725205  0.770533  0.715844  0.715326  0.682803   0.74465   0.69294  0.671252  0.811793  0.763741  0.676291  0.730455   0.61096  0.721592   0.66282  0.761099  0.601474  0.666859  0.745467  0.749145  0.685424  0.665478  0.691367  0.795991  0.717985  0.736279  0.753545  0.565984  0.659009  0.751147  0.724121  0.654893  0.749376  0.692596  0.644961  0.698386  0.726558  0.760562   0.69439  0.741091  0.726616  0.737271  0.833464   0.72939  0.460037  0.523772  0.550036   0.52908  0.502157  0.502344  0.511156  0.522492  0.492074  0.577296  0.649733  0.551702  0.581257  0.491349  0.492266  0.592286  0.574703  0.572763  0.423457  0.524215  0.573169  0.543424  0.485414  0.609491  0.581074  0.583536  0.630832  0.634787  0.504637  0.597566  0.538143  0.632244  0.496452  0.609621  0.501274  0.557093   0.55215  0.577978  0.643322  0.615491  0.550463  0.645634  0.523772  0.534698  0.554844  0.603934  0.560605  0.607922  0.584366  0.583179         
0.994987  0.982344  0.994306  0.988471  0.997483   0.99629  0.997833  0.992204  0.987326   0.98354  0.994614  0.991588  0.984055  0.996875  0.997094         1  0.998439  0.995151  0.990904  0.998501  0.982186  0.997874  0.999445  0.984306  0.980616   0.97479  0.991305  0.992379  0.991289  0.987346  0.982666  0.986117  0.997748  0.999826   0.98354  0.990828  0.990508   0.98354  0.993008  0.991017  0.997034  0.950734  0.997094  0.994427  0.991911  0.984261   0.99624   0.99368  0.995536   0.99136  0.723079  0.725009  0.680588  0.632808  0.662395  0.643433   0.70312  0.747018  0.688846  0.691806  0.652391  0.720234  0.661389  0.646993  0.788382  0.737051  0.655862  0.707575  0.574761  0.695223  0.640686  0.733762  0.570265  0.643349  0.718663  0.721718  0.655704  0.636423  0.665852  0.770173  0.690375  0.709502  0.727595  0.539267  0.640628  0.732553  0.697388  0.621257  0.729615  0.664889  0.621992  0.675183  0.699469  0.734328  0.670025  0.721948  0.704663  0.711802  0.807536  0.705384   0.43396  0.494999  0.518397  0.503152  0.472718  0.471219  0.486259  0.493373  0.459802  0.548941  0.621713  0.519832  0.549409  0.458538   0.45814  0.562275  0.548126  0.549093  0.387837  0.491663  0.541928  0.515284  0.453216   0.57735  0.554734  0.556989  0.600178   0.60825  0.473363  0.569823  0.505684  0.607936   0.46401  0.583184  0.477115  0.521359  0.526393  0.553481  0.617076  0.583815  0.517489  0.610215  0.494999  0.505144  0.523842  0.568766   0.52525  0.577608  0.559625  0.559332         
0.996983  0.988356  0.996666  0.990483  0.997597  0.996681  0.997214  0.994179  0.990355  0.987448  0.996557  0.991525  0.988614  0.998086  0.999763  0.998439         1   0.99773  0.994033  0.997555  0.986665  0.998545   0.99741  0.989537  0.979516  0.980984  0.994195  0.994866  0.995125  0.988714  0.986093  0.992366  0.993682  0.997973  0.987448  0.995892  0.995708  0.987448  0.995115  0.993796  0.999109  0.963533  0.996722   0.99743  0.990169  0.990188  0.994455  0.994827  0.996716  0.994744  0.738761  0.738964  0.696702  0.651352  0.680416  0.655418  0.715406  0.760788  0.704831  0.705111  0.670768  0.734467  0.680733   0.66054  0.802484  0.753213  0.666529  0.720511  0.597164  0.710768  0.652555  0.750403   0.58871  0.656294  0.734747  0.738319  0.673562  0.653619  0.680505  0.785976  0.706851  0.725486  0.743089  0.554051  0.649632  0.742396  0.713235  0.641948  0.740329   0.68124   0.63438  0.688117  0.715612  0.750106  0.683819  0.732125   0.71686  0.726783   0.82385  0.719174  0.447756  0.511142  0.536882  0.517145   0.48927  0.489069  0.499381  0.509776  0.478489  0.565043  0.638001  0.538505   0.56823  0.477639  0.478264  0.579739   0.56285   0.56159  0.408825  0.510722  0.560232   0.53104  0.471815  0.596568  0.569312  0.571739  0.618378  0.623299  0.491338  0.585571  0.524742  0.621263  0.482849  0.598001  0.489631  0.543069  0.540371  0.566636  0.631957   0.60271  0.537011  0.632241  0.511142  0.521941   0.54186  0.590313  0.546684  0.595399     0.573   0.57202         
0.999869  0.995964  0.999872   0.99729  0.999026  0.999137  0.998361  0.999026  0.997405  0.995842  0.999776  0.996956   0.99646  0.999694  0.998438  0.995151   0.99773         1  0.999121  0.997946  0.995369  0.999327  0.991883  0.996813   0.98912  0.991639  0.999174  0.999382  0.999431  0.996119  0.995018  0.997496  0.992816  0.995753  0.995842  0.999006  0.998894  0.995842  0.999403  0.999008  0.999679  0.976402  0.998569  0.999969  0.995068   0.99687  0.996712  0.999002   0.99956  0.999372  0.782134  0.782536  0.743137  0.700384  0.727648  0.704783  0.760825  0.802625  0.750709  0.751224  0.718576   0.77836  0.727644  0.709576  0.840548   0.79533  0.715169  0.765541  0.648463  0.756279  0.702091  0.792659   0.64139  0.705606  0.778371  0.781565  0.721287  0.702746  0.728202  0.825287  0.752509  0.769841  0.786148  0.608826  0.699161  0.785786  0.758525  0.691065  0.783908  0.728701   0.68499  0.735403  0.760682   0.79255  0.731354  0.776301  0.762177   0.77118  0.859231  0.764252  0.506946  0.567784  0.592137  0.573603  0.546796  0.546489  0.556578  0.566459  0.536239  0.619212  0.688202  0.593657  0.621912  0.535367  0.535807  0.633029  0.617206  0.616018  0.468785  0.567072  0.614394  0.586832  0.529841  0.648688  0.623357  0.625658  0.669457  0.674466  0.548652  0.638732  0.580469  0.672615  0.540404   0.65057  0.547203  0.597405  0.595801  0.620832  0.682639  0.654552  0.592097  0.681572  0.567784  0.578064  0.596945  0.642242   0.60091   0.64782  0.626885  0.625948         
0.999392  0.998354  0.999587  0.999283  0.997688  0.998436  0.996868  0.999784  0.999523  0.998784  0.999511  0.998141  0.999038  0.998438  0.995301  0.990904  0.994033  0.999121         1  0.995987  0.998492  0.997567   0.98625  0.999014  0.992972  0.995949  0.999991  0.999918  0.999798  0.998508  0.998308  0.998319  0.990163  0.992184  0.998784  0.998593  0.998523  0.998784  0.999806  0.999974  0.997747  0.981956  0.997509  0.999248  0.995969  0.998679  0.995952  0.999362  0.999081  0.999954  0.807208  0.807781  0.770209  0.729116  0.755203  0.733894  0.787324  0.826739  0.777418  0.778152  0.746504  0.803808  0.754962  0.738427  0.862199  0.819572  0.743838  0.791767  0.678632  0.782757  0.731318   0.81698  0.672549  0.734656  0.803598  0.806535  0.749171  0.731569  0.756139  0.847709  0.779062   0.79555   0.81102  0.641474  0.728469   0.81102  0.784851  0.719814  0.809241  0.756443  0.714917  0.763113  0.786857  0.817014  0.759207  0.802042   0.78861  0.796939  0.879095  0.790487  0.542622  0.601659  0.625023  0.607409  0.581264  0.580855  0.590909  0.600356  0.570812   0.65142  0.717758  0.626469  0.653734  0.569917  0.570213  0.664617  0.649573  0.648494  0.504835  0.600687  0.646548  0.620142  0.564603  0.679458  0.655519  0.657731  0.699555  0.704694  0.582942  0.670273  0.613662  0.703009   0.57484  0.681737  0.581807  0.629613  0.628911  0.653133  0.712547  0.685143  0.624848   0.71044  0.601659  0.611573  0.629726  0.672843   0.63305   0.67882  0.658972  0.658082         
0.998333  0.989293   0.99789  0.995054  0.999763  0.999398  0.999933  0.997172  0.994036  0.991294   0.99824  0.997186  0.991309  0.999223   0.99691  0.998501  0.997555  0.997946  0.995987         1  0.990154  0.999579  0.996128  0.991039  0.989729   0.98424  0.996315  0.997036  0.995674  0.994469  0.990893  0.991003  0.998431  0.999231  0.991294  0.994137  0.993867  0.991294  0.997505  0.996227  0.998461  0.961511  0.999756  0.997413   0.99719  0.990453  0.999342  0.998153  0.998907  0.996044  0.758636  0.760858  0.718599  0.672739  0.700908  0.684127  0.740594  0.781468  0.726415  0.729767  0.691344  0.756323   0.69954  0.687305  0.819732  0.771549  0.696066  0.744684  0.616226  0.732528  0.681526  0.768337  0.613154  0.683929  0.754393  0.757102   0.69463  0.676535  0.704997  0.802413  0.727729  0.745835   0.76291   0.58412   0.68167  0.768556   0.73449  0.661091  0.765709  0.703714  0.663664  0.714123  0.736371  0.769121  0.709104  0.758566   0.74206  0.748244  0.836529  0.742469   0.48242  0.541249  0.563355  0.549415  0.519645  0.517963  0.533177  0.539636  0.506745  0.593207  0.662763  0.564693  0.593076  0.505432  0.504807  0.605731  0.592645  0.593834  0.436363  0.537457   0.58602  0.560881  0.500387  0.619727  0.599015  0.601155  0.641793  0.650174  0.520012  0.613305  0.550979  0.650137  0.510786  0.626257  0.524377  0.565327  0.571831  0.597987  0.658621  0.625992  0.562231  0.650118  0.541249  0.550928  0.568699  0.610807  0.569151  0.620338  0.603865  0.603656         
0.995996   0.99932  0.996503  0.998874  0.992836  0.994414  0.991667  0.997874  0.999491  0.999946  0.996358  0.996297  0.999905  0.993927  0.988855  0.982186  0.986665  0.995369  0.998492  0.990154         1   0.99233  0.975767  0.999575  0.994136  0.999283  0.998354  0.997853   0.99783  0.998436  0.999785  0.997446  0.982815  0.984215  0.999946   0.99596  0.995971  0.999946  0.997495  0.998493  0.992615  0.988315  0.992883  0.995781  0.993413  0.998924  0.991379  0.996785  0.995501  0.998145  0.838361  0.838754  0.803995  0.765585  0.790048   0.76934  0.819506  0.856244  0.810713  0.811111  0.781907  0.835102  0.789816  0.773893  0.888685  0.849789  0.778422   0.82375  0.717862  0.815657  0.766887  0.847408  0.712112  0.770239   0.83504  0.837772  0.784396  0.767839  0.790691  0.875554  0.812273  0.827577  0.841875  0.682119  0.763504  0.841052  0.817627  0.756812  0.839594  0.791136    0.7515  0.796983  0.819511   0.84742  0.793454   0.83279   0.82069  0.828799   0.90386  0.822677  0.587027  0.644221  0.666836  0.649387  0.624698  0.624458  0.633382  0.643006  0.614885  0.691796  0.754754  0.668231  0.694243  0.614058  0.614406  0.704505  0.689839  0.688398  0.551421  0.643588  0.687366  0.661873  0.608907  0.718701  0.695486  0.697621  0.737693  0.742268  0.626476  0.709702  0.656012  0.740405   0.61877   0.72047  0.624505  0.671313  0.669976  0.692958  0.749673  0.724079  0.666731  0.747911  0.644221  0.653805  0.671293  0.712423  0.674594  0.718025  0.698568  0.697584         
0.999386  0.992315  0.999125  0.995989  0.999869  0.999617   0.99966   0.99815  0.995499  0.993179  0.999254  0.997068  0.993555  0.999903  0.998455  0.997874  0.998545  0.999327  0.997567  0.999579   0.99233         1  0.995322  0.993659  0.988928  0.987259  0.997773  0.998296  0.997653  0.995044  0.992506   0.99423  0.996402  0.998416  0.993179  0.996804  0.996603  0.993179  0.998571  0.997619  0.999631  0.967947  0.999591   0.99901  0.996202   0.99346  0.998417  0.998716  0.999531  0.997774  0.765591  0.766894  0.725681  0.681017  0.708969  0.688928  0.745686  0.787465  0.733447  0.735375  0.699574  0.762495  0.708311  0.692942   0.82603    0.7788  0.700194  0.750133  0.626464  0.739339   0.68626  0.775836  0.621255  0.689239  0.761552  0.764547  0.702588  0.684097  0.711264  0.809567  0.735027  0.752916  0.769777  0.590215   0.68489  0.772426  0.741469  0.670499  0.770032  0.710886  0.668635  0.719495  0.743512  0.776158  0.714922  0.762586  0.747108  0.754795  0.844083  0.748367  0.487842  0.547998   0.57139  0.555035  0.526581  0.525588  0.538311  0.546522  0.514801   0.60002  0.669809  0.572831  0.601342  0.513707  0.513628  0.613293  0.598724  0.598733  0.445557  0.545757  0.593997  0.567456  0.508386  0.628255  0.605027  0.607262  0.649819  0.656533  0.527706  0.619964  0.559299   0.65558  0.518928  0.632446  0.529178  0.575096  0.577479  0.603242  0.664907  0.634359   0.57082  0.660223  0.547998  0.558042  0.576493  0.620572  0.578779  0.628102  0.609247  0.608674         
0.991408  0.976483  0.990573  0.982959  0.994606  0.992907  0.995088  0.987657  0.981705  0.977267   0.99087  0.986735  0.978059   0.99392  0.995609  0.999445   0.99741  0.991883   0.98625  0.996128  0.975767  0.995322         1  0.978599  0.973703  0.967434  0.986702     0.988   0.98703  0.981533  0.976127  0.981481  0.995973  0.998738  0.977267  0.987173  0.986819  0.977267  0.988738  0.986298  0.994602  0.942389  0.994006  0.991031  0.987306  0.978855  0.992937  0.989456  0.991969  0.986937  0.700102  0.701913  0.656186  0.607242  0.637654   0.61762   0.67914  0.724735  0.664701  0.667515  0.627388  0.696991  0.636821  0.621348  0.767886  0.714671   0.63037  0.683784   0.54823  0.671244  0.614792  0.711326  0.543022   0.61757  0.695575  0.698814  0.630731   0.61079  0.640843  0.749113  0.666341   0.68607  0.704763  0.511018  0.614712  0.709495  0.673516  0.595692  0.706477  0.640014   0.59561  0.650342  0.675704  0.711789  0.645079  0.698524  0.680729  0.688335  0.788351  0.681582  0.403738   0.46593  0.489988  0.474138  0.443262  0.441831  0.456907   0.46429  0.430282  0.520983   0.59557  0.491472  0.521717  0.429035  0.428739  0.534737  0.520065  0.520974  0.357396  0.462772  0.514009   0.48659  0.423573  0.550377  0.526812  0.529126  0.573663  0.581645  0.444024  0.542318  0.477073  0.581225   0.43458  0.555936  0.447591  0.493429  0.497839  0.525473  0.590692  0.556962  0.489175  0.584581   0.46593  0.476317  0.495501  0.541927  0.497363  0.550471   0.53176  0.531441         
0.996979    0.9999  0.997492  0.998295  0.993701  0.994973  0.992372  0.998065  0.999191  0.999434  0.997188  0.995498  0.999853  0.995127  0.991762  0.984306  0.989537  0.996813  0.999014  0.991039  0.999575  0.993659  0.978599         1   0.99128   0.99871  0.998832  0.998366  0.998926  0.997379  0.998883  0.999104   0.98304  0.985802  0.999434  0.997984  0.998016  0.999434  0.997959  0.998836  0.994549  0.989282  0.993401  0.997274  0.992203  0.999842  0.991208  0.996938  0.996197  0.998945  0.827968  0.827643  0.792487  0.753882  0.778906  0.755083  0.807011  0.845784  0.799389  0.798703  0.770655   0.82396  0.779291  0.760351  0.879904  0.840091   0.76398  0.811657   0.70661  0.804324  0.752515  0.837829  0.698836   0.75636  0.824691  0.827768  0.772988  0.755602  0.778119  0.866884  0.801221  0.816887  0.831543  0.666608  0.748071  0.828497  0.806498  0.745856  0.827283  0.779287  0.736868  0.783948  0.808582  0.837447  0.780632  0.820032  0.808204  0.817723  0.896992  0.810879   0.56925  0.628412   0.65248  0.632863  0.608658   0.60894  0.616218  0.627275  0.599531  0.677029  0.741733  0.653988  0.680679  0.598864  0.599665  0.690611  0.674485  0.672189  0.535944  0.628972   0.67341  0.646285  0.593401  0.705944   0.68021  0.682463  0.725003  0.728384   0.61105  0.695232  0.641662  0.725808  0.603556  0.705909  0.606954  0.658524  0.653888  0.677092  0.735932  0.711321  0.652826   0.73735  0.628412  0.638459  0.656839  0.700594  0.661751  0.704618  0.682915   0.68166         
0.991308  0.989684  0.991296    0.9967  0.990965  0.992653  0.991076    0.9945  0.995445  0.995017  0.991993  0.997373  0.993323  0.989981  0.980105  0.980616  0.979516   0.98912  0.992972  0.989729  0.994136  0.988928  0.973703   0.99128         1  0.991268  0.993238  0.993242  0.990392  0.997934  0.996163  0.985729  0.987816  0.983915  0.995017  0.985301  0.985088  0.995017  0.993497  0.993751  0.986274  0.968588  0.992255  0.988859    0.9975  0.988856   0.99384  0.994629  0.992415  0.991816  0.833119  0.837086  0.799969  0.758501  0.782774   0.77555  0.822419  0.853769  0.806566  0.812462  0.774318  0.833097  0.779694  0.776761  0.883009  0.842742  0.786768  0.825102  0.704678  0.812137  0.773444  0.839503  0.707739  0.774498  0.829166  0.830614  0.777784  0.763502  0.790437  0.867332  0.807001    0.8224  0.836793  0.686492  0.775783  0.847462  0.813355  0.745524  0.844393  0.787338  0.757764  0.799875  0.814501  0.841357  0.794804  0.839068   0.82371  0.825646  0.891989   0.82236  0.596488  0.647194  0.664173  0.656518  0.627482  0.624584  0.642771  0.645491  0.613578  0.693118  0.752962  0.665124  0.689817  0.611913    0.6101  0.702508  0.694036  0.697089  0.547128  0.640555    0.6843  0.665019  0.607971  0.712403   0.69976  0.701463  0.732701  0.743606  0.626275   0.71103  0.652545  0.745304  0.617023  0.723241   0.63537  0.661608  0.676413  0.700175  0.751014  0.718231  0.661891  0.734121  0.647194   0.65511   0.66944  0.701371   0.66536  0.714772  0.705127  0.705544         
0.992212  0.998918  0.992987  0.996416  0.987733  0.989776  0.986148  0.994738  0.997566  0.998869  0.992662  0.992458  0.998932  0.989369  0.983978   0.97479  0.980984  0.991639  0.995949   0.98424  0.999283  0.987259  0.967434   0.99871  0.991268         1  0.995669  0.994833   0.99534  0.995897  0.998675  0.996316  0.975122  0.977041  0.998869  0.993623  0.993719  0.998869   0.99423  0.995836  0.988097  0.992796  0.987706  0.992329  0.988661   0.99817  0.985719  0.993057  0.991341  0.995561   0.85537  0.855058  0.822435  0.786212   0.80969  0.787131  0.835803  0.871774  0.828867  0.828147  0.801951   0.85166   0.80994  0.792244  0.902894  0.866519  0.795326  0.840181  0.741254  0.833461  0.784699  0.864413  0.734241  0.788436  0.852333  0.855151  0.804165  0.787884  0.808984  0.891022  0.830562  0.845116  0.858673  0.703498  0.780054  0.855445   0.83548  0.778477  0.854448  0.810104  0.769997  0.814332  0.837411  0.864104  0.811293  0.847647  0.836905  0.845898  0.918057  0.839511  0.610009  0.667058  0.690117  0.671172   0.64813  0.648434   0.65512  0.665979  0.639401  0.713502  0.774834  0.691553  0.716983  0.638756  0.639496  0.726447  0.711005  0.708602  0.578078   0.66763  0.710078  0.684147  0.633511  0.740947  0.716449  0.718606  0.759022  0.762194   0.65046  0.730804   0.67977  0.759636  0.643265  0.740894  0.646151  0.695695  0.691287  0.713351  0.769317  0.746055  0.690418  0.770294  0.667058  0.676703  0.694283  0.735679  0.698797   0.73974  0.718921  0.717651         
